30 30
81.08 76.83 76.00 82.93 82.00 86.15 86.51 83.60 85.55 84.38 88.56 91.56 84.07 88.70 82.27 85.09 79.99 85.52 77.63 75.17 74.97 76.99 76.18 70.37 75.83 74.24 67.46 63.72 66.71 62.10 
78.57 77.42 79.34 83.04 87.21 89.64 84.99 92.50 92.70 89.68 93.96 88.39 92.84 90.07 88.09 86.66 87.58 88.21 80.71 83.09 83.24 81.63 71.59 75.53 69.87 70.10 73.68 66.68 64.32 63.60 
82.16 83.89 81.91 88.66 89.64 90.28 93.63 89.71 90.62 95.67 87.56 85.95 88.74 94.24 84.37 90.88 86.90 88.88 82.94 80.75 83.90 75.42 78.53 76.64 73.87 71.73 72.86 72.40 65.80 60.82 
83.30 83.30 80.89 82.69 89.57 85.12 87.31 91.15 91.81 92.76 95.49 92.35 96.28 95.66 94.33 93.62 87.43 82.74 84.51 79.65 78.75 78.82 80.59 80.49 70.95 75.79 71.61 65.84 63.44 60.42 
85.27 82.63 84.34 87.96 93.46 91.44 88.32 94.07 93.02 98.47 99.49 98.17 95.46 91.08 88.45 89.77 93.21 88.32 81.45 82.60 80.75 81.98 78.47 80.72 78.61 68.86 71.04 72.64 62.79 61.01 
87.51 81.60 82.65 86.50 95.11 93.00 90.73 97.44 95.28 97.06 98.58 98.14 96.14 97.65 91.01 95.54 87.62 87.46 91.96 90.18 86.74 82.50 83.79 73.43 73.15 75.68 68.29 74.28 65.41 67.87 
81.94 90.85 86.95 86.52 94.23 92.93 95.59 99.73 94.88 98.07 99.03 98.34 98.99 93.74 90.11 96.43 95.59 94.51 88.26 88.57 86.33 80.06 77.10 74.18 77.30 70.81 71.97 73.70 68.28 64.82 
87.79 84.99 91.07 87.92 93.67 95.24 92.13 92.92 100.82 103.98 101.15 102.70 103.55 94.90 99.90 94.40 90.85 93.60 85.94 82.91 86.58 82.23 82.60 83.10 75.15 72.07 70.53 68.29 73.65 65.27 
89.75 88.43 86.33 93.54 97.12 99.32 94.90 94.96 101.86 100.93 106.80 99.47 100.03 101.38 94.04 94.30 91.59 91.93 86.52 91.60 85.29 83.25 79.96 82.95 78.56 79.17 71.08 68.33 73.81 66.16 
84.31 83.81 85.41 91.12 88.77 97.91 93.55 99.22 97.30 105.95 102.49 101.65 96.47 96.86 99.96 90.53 94.52 87.65 92.41 91.64 88.41 82.66 85.03 78.34 80.03 72.92 75.52 68.33 66.42 64.32 
83.74 85.28 89.57 87.17 91.74 97.04 100.59 101.15 98.47 98.07 102.67 101.76 104.31 101.68 96.23 94.14 92.08 93.27 85.40 90.94 84.21 84.24 81.72 74.26 79.33 75.35 71.41 71.29 68.01 63.31 
82.18 84.03 91.33 89.75 89.25 94.28 99.95 99.95 96.73 101.01 102.24 101.84 97.97 94.08 98.70 96.36 97.15 89.53 89.22 89.60 88.57 84.46 84.03 75.40 74.11 75.33 71.67 69.52 68.90 68.52 
86.29 89.17 91.33 88.55 96.12 88.91 96.67 96.30 97.92 102.48 102.46 97.24 95.11 97.08 96.32 91.11 91.58 85.40 85.57 90.14 79.76 83.53 81.17 73.62 71.49 77.44 70.88 74.51 66.29 65.67 
81.09 89.74 89.46 84.56 92.22 96.15 93.10 91.04 98.49 101.36 93.51 93.58 98.61 97.76 97.69 90.36 93.01 84.15 84.38 84.83 83.51 82.34 83.11 78.02 75.80 74.92 73.13 71.86 64.53 63.67 
83.32 80.38 84.94 83.49 89.89 87.14 96.50 88.88 97.67 98.57 97.97 90.58 97.36 89.14 93.40 88.81 91.10 86.52 84.90 83.39 79.96 77.09 75.59 75.75 76.79 69.82 73.41 68.78 68.33 64.57 
85.86 88.15 86.85 85.84 84.20 87.75 86.72 90.91 94.29 94.31 97.41 89.39 87.91 88.81 95.23 87.48 83.71 90.25 82.22 79.03 85.14 75.97 75.57 77.64 71.04 70.99 67.06 68.08 64.92 67.30 
77.36 86.68 84.84 83.96 86.23 91.03 92.06 89.22 87.56 86.35 87.52 95.80 93.38 87.80 83.94 88.56 84.41 87.37 88.26 83.49 80.01 76.50 79.83 79.25 77.11 70.40 72.99 69.18 70.64 61.92 
77.77 80.47 81.20 84.24 86.30 87.74 90.42 90.79 85.49 93.29 88.91 86.52 86.15 85.56 91.38 88.52 89.56 79.76 80.60 85.76 74.74 76.54 76.41 76.96 74.97 72.17 70.47 68.00 63.08 66.05 
77.07 75.43 79.93 80.50 80.13 83.74 87.26 88.50 86.49 86.38 84.37 87.06 90.65 86.14 86.91 89.28 83.45 80.41 77.30 76.77 77.35 79.91 76.17 73.70 67.12 74.31 65.87 67.97 60.45 57.99 
72.73 81.87 77.07 81.73 84.28 80.62 83.49 84.02 87.37 82.63 81.19 85.84 80.86 83.00 80.82 81.39 77.04 82.92 80.74 80.75 73.88 74.03 74.26 69.91 74.74 67.41 69.01 60.83 66.34 65.32 
78.69 81.57 77.71 81.65 78.79 78.82 80.28 87.08 78.80 82.62 79.57 78.66 77.96 85.75 78.66 82.71 83.03 81.19 75.29 80.20 80.18 78.82 69.45 68.32 73.59 67.31 68.59 66.41 65.06 60.32 
72.63 77.37 74.52 72.87 77.07 80.22 78.97 83.90 81.19 76.37 83.69 80.98 85.13 81.05 81.57 83.31 73.38 72.55 80.10 74.52 73.27 70.30 74.43 70.29 71.72 62.62 65.63 63.70 58.95 61.90 
67.68 69.05 70.05 74.50 77.14 73.19 74.01 81.21 75.05 74.91 78.61 75.69 81.46 75.06 78.61 81.86 75.49 75.17 70.03 76.84 71.59 73.30 70.89 64.77 64.96 60.30 59.30 61.86 59.25 56.64 
69.30 71.69 73.31 69.47 72.70 79.28 78.19 73.61 76.77 80.11 80.42 80.29 73.93 74.94 71.48 78.15 72.05 73.40 77.72 70.51 66.73 72.88 71.74 65.86 63.27 64.08 64.67 63.36 60.59 59.81 
64.50 65.91 68.19 72.62 77.32 70.16 71.47 76.01 73.59 72.83 77.46 76.63 78.66 77.76 70.83 75.32 76.13 73.75 66.38 69.64 73.47 67.83 64.52 66.37 67.29 67.50 65.94 58.93 59.57 56.04 
62.39 73.17 73.85 71.97 73.09 72.10 71.84 73.76 77.65 77.30 70.17 73.65 68.73 75.75 70.77 76.23 73.05 68.51 67.74 71.69 63.41 64.28 64.70 60.51 65.41 63.22 62.22 54.48 60.99 59.37 
66.06 66.52 66.22 70.28 66.24 71.10 69.37 67.60 69.77 68.04 68.10 67.97 74.37 70.76 72.52 67.67 68.08 64.58 64.59 68.46 70.22 64.13 64.16 58.46 64.55 56.23 55.52 60.56 58.92 56.53 
59.63 60.11 65.28 65.80 70.96 69.65 71.55 67.77 66.69 64.08 67.70 69.54 64.47 66.18 67.58 62.88 71.35 61.59 60.91 65.00 65.42 58.25 62.69 65.22 62.30 54.96 58.16 56.81 58.06 52.75 
60.03 61.63 65.04 62.27 65.66 69.67 69.75 68.38 65.15 70.10 64.64 65.80 62.74 65.42 70.59 67.45 68.66 66.88 64.95 60.71 58.16 58.82 65.01 57.45 58.86 55.44 58.08 54.72 48.74 47.28 
57.14 57.09 66.43 65.15 67.69 61.86 65.70 62.77 68.64 64.53 68.52 62.49 68.84 64.40 62.93 61.97 65.41 58.01 57.51 59.13 61.82 57.04 57.06 56.73 54.92 52.96 48.80 49.63 48.00 49.75 
